C = []
S = []
p = [1.0, 0.36787944117144233, 0.01831563888873418, 0.00012340980408667956, 1.1253517471925912e-07, 1.3887943864964021e-11, 2.3195228302435696e-16, 5.242885663363464e-22, 1.603810890548638e-28, 6.639677199580735e-36, 3.720075976020836e-44, 2.820770088460135e-53, 2.8946403116483003e-63, 4.020060215743355e-74, 7.555819019711961e-86, 1.921947727823849e-98, 6.616261056709485e-112, 3.082440696949098e-126, 1.9435148500492928e-141, 1.6584104776811452e-157, 1.9151695967140057e-174, 2.993184452260193e-192, 6.3309773362105915e-211, 1.8122540257939923e-230, 7.020667798504735e-251, 3.6808558548018004e-272, 2.6117417612840555e-294, 2.507972e-317, 0.0, 0.0]
q = [1j, 0.36787944117144233j, 0.01831563888873418j, 0.00012340980408667956j, 1.1253517471925912e-07j, 1.3887943864964021e-11j, 2.3195228302435696e-16j, 5.242885663363464e-22j, 1.603810890548638e-28j, 6.639677199580735e-36j, 3.720075976020836e-44j, 2.820770088460135e-53j, 2.8946403116483003e-63j, 4.020060215743355e-74j, 7.555819019711961e-86j, 1.921947727823849e-98j, 6.616261056709485e-112j, 3.082440696949098e-126j, 1.9435148500492928e-141j, 1.6584104776811452e-157j, 1.9151695967140057e-174j, 2.993184452260193e-192j, 6.3309773362105915e-211j, 1.8122540257939923e-230j, 7.020667798504735e-251j, 3.6808558548018004e-272j, 2.6117417612840555e-294j, 2.507972e-317j, 0j, 0j]
C_ln = []
S_ln = []
p_ln = [[10, 1], [11, 1], [12, 1], [13, 1], [14, 1], [15, 1], [16, 1], [17, 1], [18, 1], [19, 1], [20, 1], [21, 1], [22, 1], [23, 1], [24, 1], [25, 1], [26, 1], [27, 1], [28, 1], [29, 1], [30, 1], [31, 1], [32, 1], [33, 1], [34, 1], [35, 1], [36, 1], [37, 1], [38, 1], [39, 1]]
q_ln = [[10, 1], [11, 1], [12, 1], [13, 1], [14, 1], [15, 1], [16, 1], [17, 1], [18, 1], [19, 1], [20, 1], [21, 1], [22, 1], [23, 1], [24, 1], [25, 1], [26, 1], [27, 1], [28, 1], [29, 1], [30, 1], [31, 1], [32, 1], [33, 1], [34, 1], [35, 1], [36, 1], [37, 1], [38, 1], [39, 1]]
steps = 300
final_t = 60